ConservedRegion2	75223399	75223567	0.643
ConservedRegion4	75226357	75226397	0.608
ConservedRegion8	75230669	75230680	0.706
ConservedRegion10	75232628	75232710	0.625
ConservedRegion11	75232906	75232936	0.620
ConservedRegion40	75258691	75258701	0.633
ConservedRegion41	75258781	75258799	0.605
ConservedRegion51	75261489	75261644	0.616
ConservedRegion84	75283359	75283608	0.629
ConservedRegion86	75289212	75289364	0.624
ConservedRegion88-90	75289601	75289826	0.613
ConservedRegion95	75300134	75300160	0.606
ConservedRegion97	75307221	75307235	0.777
ConservedRegion101	75308021	75308032	0.721
ConservedRegion107	75310572	75310593	0.636
ConservedRegion110	75321926	75321935	0.618
ConservedRegion111	75322149	75322191	0.612
ConservedRegion112	75322200	75322249	0.659
ConservedRegion113	75322268	75322305	0.655
ConservedRegion116	75325952	75325977	0.691
ConservedRegion126	75340994	75341176	0.653
ConservedRegion132	75344649	75344745	0.665
ConservedRegion133	75344748	75344771	0.660
ConservedRegion135	75350775	75350912	0.616
ConservedRegion137	75364161	75364172	0.635
ConservedRegion139	75364388	75364539	0.613
ConservedRegion141	75373966	75374129	0.610
ConservedRegion146	75376772	75376855	0.626
ConservedRegion147	75376867	75376901	0.621
ConservedRegion148	75388978	75389073	0.605
ConservedRegion151	75411636	75411780	0.621
ConservedRegion164	75424676	75424689	0.666