ConservedRegion3	46130883	46130911	0.628
ConservedRegion4	46130913	46130931	0.606
ConservedRegion6	46131102	46131261	0.631
ConservedRegion8	46132173	46132198	0.617
ConservedRegion10	46133065	46133082	0.620
ConservedRegion11	46133104	46133122	0.633
ConservedRegion16	46133988	46133999	0.646
ConservedRegion22	46134851	46134861	0.746
ConservedRegion23	46134976	46135018	0.680
ConservedRegion25	46135239	46135397	0.651
ConservedRegion26	46135417	46135471	0.677
ConservedRegion28	46135663	46135725	0.660
ConservedRegion29	46135738	46135807	0.614
ConservedRegion44	46140154	46140322	0.632
ConservedRegion45	46140933	46141082	0.615
ConservedRegion46	46141179	46141285	0.630
ConservedRegion48	46141348	46141364	0.617
ConservedRegion49	46142593	46142720	0.647
ConservedRegion50	46142789	46142807	0.623
ConservedRegion53	46145427	46145441	0.616
ConservedRegion54	46145570	46145815	0.605
ConservedRegion55	46146005	46146118	0.606
ConservedRegion58	46147364	46147551	0.615
ConservedRegion59	46148059	46148070	0.614
ConservedRegion60	46148113	46148225	0.611
ConservedRegion61	46148245	46148311	0.627
ConservedRegion62	46148356	46148429	0.663
ConservedRegion63	46148456	46148630	0.652
ConservedRegion64	46148803	46148961	0.626
ConservedRegion65	46149049	46149096	0.614
ConservedRegion66	46150477	46150493	0.612
ConservedRegion70	46152170	46152804	0.659
ConservedRegion71	46152945	46152989	0.605
ConservedRegion76	46155535	46155582	0.639
ConservedRegion77	46155661	46155675	0.622
ConservedRegion78	46155682	46155748	0.609
ConservedRegion82	46163480	46163490	0.663
ConservedRegion83	46163517	46163528	0.780
ConservedRegion86	46163646	46163655	0.625
ConservedRegion89	46170525	46170554	0.606
ConservedRegion96-97	46173383	46173405	0.626
ConservedRegion98	46173450	46174071	0.780
ConservedRegion99	46174268	46174320	0.627
ConservedRegion100	46174513	46174529	0.609
ConservedRegion103	46175315	46175551	0.685
ConservedRegion107	46177173	46177313	0.650
ConservedRegion108	46177315	46177352	0.606
ConservedRegion110	46177436	46177475	0.629
ConservedRegion112	46177683	46178125	0.704
ConservedRegion113	46178151	46178189	0.623
ConservedRegion114	46178199	46178230	0.610
ConservedRegion117	46180107	46180259	0.624
ConservedRegion122	46186265	46186499	0.632
ConservedRegion123-126	46186524	46187242	0.604
ConservedRegion127	46187336	46187480	0.671
ConservedRegion130	46190045	46190066	0.604
ConservedRegion131	46190122	46190179	0.634
ConservedRegion132-134	46190256	46191041	0.614
ConservedRegion136	46194301	46194428	0.638
ConservedRegion137	46194481	46194491	0.615
ConservedRegion140	46197089	46197168	0.622
ConservedRegion143	46197249	46197268	0.605